 
10214643
10998062
12088432
12133574
13277132
13359198
13359209
13553812
13597425
13789878
14343425
14373821
14405485
14445025
14607811
14773551
14780365
14837963
15035312
15041781
15041890
15074207
15080351
15104262
15107383
15201214
15287849
15366654
15440353
15546909
15633104
15687317
15719952
15813061
15865779
15906545
16003754
16040600
16075602
16081463
16103373
16168555
16285762
16408006
16483025
16520702
16633071
16724885
16745133
16773329
16788359
16859727
16890405
16906853
16912613
16949892
16976603
16989632
16991906
17001847
17003355
17057923
17106788
17107575
17163027
17220391
17224611
17228979
17249800
17360092
17367035
17429904
17466896
17485337
17520204
17548495
17561501
17579689
17621346
17622225
17650319
17696004
17714533
17722899
17728562
17728575
17728607
17729486
17747352
17749064
17766950
17803361
17819725
17821372
17921825
17959489
17959511
17960004
17960434
17961414
17962263
17967344
17968222
17968254
17968260
17968339
17968369
17968370
17968601
17969625
17969682
17969683
17969685
17969712
17969826
17969837
17973961
17973987
17975702
18018397
18025347
18042413
18060884
18098275
18106962
18119857
18136972
18153123
18154264
18157021
18206615
18242892
18249212
18271478
18285990
18294054
18307353
18312417
18312540
18315287
18316333
18320073
18326815
18327053
18330564
18331163
18371273
18394819
18400101
18427209
18451402
18459871
18469233
18471415
18475316
18475648
18477339
18477544
18499249
18512911
18513465
18519543
18527051
18536431
18547751
18549611
18561166
18583659
18594212
18605744
18642693
18653662
18653767
18659586
18664362
18664363
18665049
18673242
18673581
18688899
18690033
18695073
18700783
18712593
18712860
18721372
18721413
18721418
18721423
18747755
18769988
18775113
18789949
18794723
18842875
18887138
18888480
18890418
18893551
18904997
18911791
18913333
18918105
18945534
18947719
18971305
18977935
18987323
19041221
19065952
19066021
19070182
19075849
19081397
19086554
19115858
19117248
19123044
19126297
19132242
19134221
19135763
19140600
19143701
19148568
19163654
19172358
19180907
19183245
19183449
19187722
19196354
19232967
19236093
19242903
19243503
19247890
19258316
19275224
19275237
19286257
19286862
19291350
19295482
19303495
19306692
19314738
19317241
19319234
19333093
19337453
19344672
19349752
19349815
19349860
19349867
19352995
19373924
19376811
19383486
19403876
19409300
19409458
19428296
19430470
19434375
19441070
19441159
19443380
19447835
19454100
19462329
19464350
19472573
19474372
19486650
19493122
19494158
19495107
19497500
19498819
19500535
19501120
19507092
19545327
19550422
19568774
19572879
19581893
19606143
19607021
19607914
19609597
19623552
19625720
19626122
19641128
19650948
19657643
19675711
19675734
19676717
19706776
19750689
19753128
19787218
19787220
19789741
19808352
19845248
19845275
19845672
19846346
19846348
19846393
19846447
19846582
19846585
19846672
19846922
19846925
19846973
19847083
19847330
19847517
19847860
19848443
19850228
19850317
19850520
19850584
19850587
19856119
19856128
19856211
19856239
19856281
19856297
19857281
19870254
19889626
19889806
19890534
19890745
19892489
19892512
19892544
19892718
19892740
19892810
19892868
19892869
19892870
19892953
19893004
19893604
19893612
19893618
19893620
19893629
19893702
19893707
19893901
19893950
19894083
19894122
19894149
19894151
19894153
19894210
19894240
19894494
19894529
19894547
19894556
19900850
19905759
19916552
19920523
19926976
19951264
19951279
19966237
19969934
19977395
19977804
19983079
19984005
19991760
19994076
20033444
20037838
20040266
20040267
20040289
20062441
20076484
20080357
20082330
20084719
20090754
20094298
20125063
20133231
20150742
20152131
20161765
20164946
20177162
20177858
20178995
20193541
20213730
20223999
20228362
20230770
20240409
20287402
20291950
20292009
20295528
20339914
20347463
20349220
20349955
20350744
20354307
20359429
20368260
20368396
20369362
20373451
20373695
20377873
20378156
20381851
20386501
20415636
20428671
20431976
20448022
20462835
20468361
20469211
20478071
20478355
20478392
20478412
20478536
20493502
20494620
20496769
20497159
20499629
20500346
20501842
20505473
20505691
20505763
20505851
20505914
20506019
20506212
20506736
20509953
20509958
20517147
20517926
20527447
20534417
20535769
20536058
20536183
20536812
20544739
20552518
20555763
20568808
20570972
20575772
20576907
20584538
20594978
20595123
20595838
20595865
20599951
20601270
20601300
20601837
20616149
20619765
20629080
20629422
20631512
20635361
20642581
20642606
20647105
20652342
20653729
20653733
20661737
20674170
20682589
20691051
20694729
20704363
20704391
20708421
20708851
20712833
20713376
20720131
20722923
20724261
20751529
20756120
20760286
20775360
20777392
20804902
20821081
20831467
20832062
20835634
20843690
20846012
20846094
20868672
20869783
20876360
20894112
20895895
20904075
20959950
20963201
20963782
20968212
20974447
20975707
20988630
20990361
20996491
21002390
21006426
21007058
21009840
21014275
21015724
21018042
21026705
21026892
21032119
21033393
21046904
21056274
21057873
21060614
21067950
21118394
21124423
21127565
21143884
21155387
21158401
21170718
21188951
21193536
21200498
21210474
21213056
21213060
21213605
21216945
21224824
21232801
21235855
21236983
21253205
21258988
21266645
21273538
21278697
21279296
21290170
21290555
21291287
21296117
21310309
21332961
21358448
21369598
21375067
21376503
21382511
21385955
21401990
21405204
21406417
21410001
21410535
21421309
21421545
21434716
21434969
21438803
21441924
21449795
21450527
21451523
21451553
21451781
21452090
21458879
21459113
21459114
21464418
21464971
21467124
21470885
21471218
21477213
21484252
21484822
21491979
21507916
21513037
21517610
21521527
21527410
21527621
21528431
21528571
21536267
21540660
21542207
21546284
21547023
21557406
21559230
21563946
21564834
21572873
21573764
21574723
21577417
21589679
21595925
21598640
21599081
21604631
21605101
21610535
21610953
21617101
21622461
21627618
21632764
21632977
21636132
21648864
21650176
21650410
21651301
21656687
21656877
21657527
21657679
21662637
21690435
21692324
21692640
21694067
21712495
21713204
21722266
21729356
21732254
21734539
21744017
21746750
21752940
21762264
21762710
21768044
21777108
21777127
21785614
21787662
21792725
21797252
21798835
21800923
21855081
21865547
21871205
21871297
21879015
21891074
21893846
21894297
21906523
21908039
21909668
21916780
21922084
21925768
21926020
21926095
21926187
21926250
21935792
21935823
21944295
21944297
21953644
21954523
21957755
21962543
21962550
21963353
21964997
21965790
21966907
21966996
21971853
21971978
21979020
21982606
21986617
21986987
21993628
21998269
21998658
22000851
22001806
22009241
22011855
22012289
22014202
22015306
22033463
22035151
22037564
22052587
22058522
22059534
22063972
22066386
22074571
22079114
22082272
22082617
22084972
22095529
22102969
22105190
22105503
22114911
22124025
22124561
22131935
22133493
22154204
22154845
22164310
22166304
22167663
22173842
22174201
22190868
22196210
22198927
22205837
22211517
22225707
22227297
22245540
22248175
22248394
22254206
22255641
22256659
22263301
22276257
22278178
22296100
22308098
22308862
22310256
22315901
22324005
22326554
22329506
22330730
22330732
22330938
22334284
22336927
22344004
22344386
22346327
22368641
22372479
22532286
22533297
22536591
22585632
22588252
22592592
22594049
22594890
22611607
22619604
22620428
22629395
22646783
22651280
22658320
22661655
22662079
22664353
22665415
22678576
22679807
22683770
22695710
22695819
22696097
22697600
22711934
22713897
22714372
22716480
22730588
22731796
22734569
22755899
22756389
22764260
22764781
22774296
22775170
22784988
22788730
22791503
22796569
22799381
22801266
22810280
22815300
22819486
22831707
22832171
22840454
22844914
22850537
22851836
22853070
22854927
22863240
22866016
22874770
22885938
22889456
22901450
22905507
22910054
22911940
22912452
22917503
22924949
22925717
22929264
22933367
22943858
22944847
22946219
22959706
22960304
22967356
22988256
23003190
23003814
23023446
23031861
23045552
23049985
23054656
23064896
23069643
23075749
23084595
23087359
23092071
23094704
23096506
23098849
23100001
23102276
23102459
23110259
23128135
23129716
23130240
23131485
23133495
23133717
23139710
23139965
23144910
23145414
23145541
23151993
23155105
23164668
23176557
23180633
23193367
23194142
23197709
23201718
23202293
23215712
23221882
23221887
23225460
23229888
23237058
23237497
23238900
23239518
23244802
23268728
23270803
23271589
23272006
23284483
23288443
23289426
23291718
23296679
23299490
23299629
23302836
23303987
23310629
23319293
23320078
23322644
23325434
23336747
23340072
23340423
23342419
23343616
23350513
23354460
23354947
23356001
23356470
23358909
23360882
23361823
23366921
23367774
23371016
23372101
23379212
23381139
23382944
23385613
23389060
23389718
23391330
23393685
23394352
23402517
23403714
23403818
23406181
23408114
23409635
23409658
23410452
23411287
23411922
23411935
23414964
23416594
23416886
23416952
23418147
23418409
23419066
23421497
23421754
23425001
23426139
23427530
23427562
23428663
23429519
23430309
23430354
23430433
23434061
23434095
23439126
23439695
23440506
23442141
23443434
23444479
23445665
23446776
23448472
23448800
23451233
23452070
23456061
23458084
23458135
23458159
23459095
23459342
23460906
23462918
23462925
23462965
23463360
23467232
23468301
23468804
23469363
23469396
23470467
23472990
23473233
23480057
23480455
23483154
23483305
23486853
23487376
23488752
23488767
23488768
23498612
23501892
23501952
23501996
23505238
23505785
23507435
23512394
23514276
23514622
23514624
23517200
23517858
23517871
23518137
23518871
23518882
23518893
23518928
23519133
23522046
23526463
23527436
23528282
23531987
23535760
23545899
23546190
23549203
23552898
23553322
23553410
23553465
23555377
23555397
23557635
23558314
23558413
23559718
23559745
23559773
23559778
23559801
23559805
23559814
23559820
23561444
23562065
23562320
23565417
23565456
23565457
23565572
23565574
23565581
23565582
23565596
23565599
23566345
23566347
23567449
23567451
23571238
23571287
23571470
23571473
23571474
23575739
23576042
23576043
23576058
23576062
23576073
23576195
23576199
23576405
23576823
23578366
23581321
23581327
23581452
23581453
23581626
23581628
23581634
23581657
23581720
23586723
23591336
23592234
23592816
23592920
23594068
23595909
23596951
23601420
23601574
23602384
23603862
23604457
23604599
23605165
23606250
23609385
23614603
23617365
23618218
23621163
23623301
23625737
23625959
23626113
23626838
23628363
23629986
23630505
23632003
23633545
23633560
23636444
23638474
23639228
23639613
23644018
23644099
23647135
23647225
23647373
23649248
23653500
23656915
23658741
23662922
23663033
23664095
23664884
23667160
23668114
23669656
23674058
23674930
23677240
23679522
23679542
23679847
23682276
23682736
23684416
23687320
23687706
23690076
23695609
23695719
23696021
23696403
23696686
23696748
23696934
23697105
23697257
23697264
23697729
23699674
23699781
23699848
23699913
23700048
23700078
23700116
23700166
23700201
23700240
23700331
23700531
23701396
23701416
23701491
23701707
23701722
23704745
23705017
23705076
23706300
23706525
23707137
23707376
23707511
23708991
23709002
23709032
23710104
23710251
23710597
23710692
23710707
23710879
23711556
23712316
23712518
23714519
23714617
23714649
23714650
23714665
23714672
23714756
23714757
23714762
23714767
23715147
23715191
23715322
23715517
23715911
23716019
23716299
23716605
23717170
23718012
23718057
23720280
23720870
23721973
23722323
23722549
23723432
23724262
23726715
23727404
23730678
23731778
23732973
23733354
23735366
23739518
23741777
23742234
23745369
23745392
23745462
23745696
23745707
23745916
23747161
23747719
23747774
23747911
23748455
23748751
23750417
23750982
23751085
23751882
23753202
23753485
23754404
23756012
23759588
23760158
23760943
23761796
23763613
23764282
23764286
23764288
23764294
23764306
23764310
23764313
23764327
23764342
23764348
23764368
23764373
23764377
23764399
23764400
23764415
23764420
23764429
23764464
23764466
23764473
23764478
23764483
23764488
23764489
23764491
23764508
23764532
23764543
23764544
23764547
23764567
23764569
23764570
23764573
23764604
23764606
23764609
23764611
23764615
23764663
23764665
23764719
23764728
23764730
23764731
23764741
23764749
23764762
23764765
23764768
23764780
23764788
23764790
23764795
23764802
23764803
23764811
23764818
23764820
23764860
23764869
23764870
23764881
23764899
23764956
23765048
23765117
23765247
23765253
23765644
23765779
23765836
23765901
23766199
23766327
23766623
23766741
23766999
23767171
23767689
23768077
23768160
23769086
23769150
23769217
23770926
23771228
23771281
23771367
23771485
23772096
23772162
23772299
23772340
23772558
23772633
23772884
23772901
23773113
23773407
23773419
23773545
23773928
23774056
23774179
23774327
23774564
23775149
23775411
23775742
23775864
23775983
23776013
23776095
23776224
23776795
23777108
23777324
23778918
23779157
23779663
23780689
23781329
23781592
23781622
23782472
23782628
23785265
23785310
23785657
23785711
23785941
23787715
23790624
23793352
23793482
23793635
23793802
23796534
23796563
23797016
23798042
23798464
23798488
23798685
23799314
23802253
23802844
23803370
23804316
23806596
23808699
23809042
23809248
23811763
23811912
23813417
23814894
23815638
23815763
23815811
23815958
23817128
23818955
23819112
23819308
23823170
23826015
23827423
23829751
23832133
23834806
23835501
23836884
23839185
23843369
23847177
23847384
23848545
23848662
23849321
23850381
23850383
23850386
23851255
23851509
23853429
23855937
23857411
23857476
23857897
23857958
23858945
23859367
23861206
23861263
23861617
23861915
23861961
23862442
23863175
23863582
23863787
23865067
23866421
23869412
23869841
23871296
23871876
23871904
23873544
23873719
23874928
23875052
23875382
23875499
23880876
23882022
23882356
23884071
23884255
23884759
23887354
23887853
23887896
23889346
23889681
23891920
23895194
23896026
23896239
23898761
23898912
23898936
23899264
23899274
23900241
23903406
23903971
23904575
23904855
23907130
23908395
23908498
23910559
23912040
23912498
23913186
23913239
23913377
23913876
23916356
23917976
23919639
23919731
23919732
23920274
23920522
23920868
23921402
23925873
23927211
23927789
23931910
23933235
23933281
23933407
23933756
23933768
23934338
23935327
23935516
23936868
23937631
23938029
23938460
23938540
23939480
23939784
23940162
23941590
23944482
23944902
23946222
23946714
23946773
23947567
23948623
23951439
23952906
23955849
23956938
23960263
23963095
23963524
23964577
23964995
23965182
23965362
23966293
23966730
23967409
23968182
23968233
23968422
23969158
23969456
23969665
23970878
23971372
23971769
23972014
23974257
23974468
23976010
23976124
23977065
23978419
23983378
23983785
23983938
23985016
23985387
23986411
23987455
23991047
23991389
23993310
23994308
23994895
23995615
23995993
23996093
23996435
23997342
23999036
23999104
23999119
23999773
23999782
24005546
24005711
24009951
24013563
24015384
24016762
24019577
24021441
24023851
24023949
24025700
24025787
24026139
24026471
24026996
24027195
24027229
24027537
24027622
24027971
24029099
24029189
24032151
24035177
24036263
24040176
24041458
24043658
24043721
24047756
24051293
24051680
24051840
24052062
24052063
24054699
24057346
24058544
24063786
24065003
24065468
24065813
24067695
24068000
24069807
24075021
24075296
24080386
24086186
24088215
24091559
24095051
24097868
24102143
24104103
24104110
24104427
24105053
24105185
24105460
24106121
24108290
24111492
24112910
24118621
24119465
24119871
24119898
24122000
24126427
24126479
24132231
24132485
24133453
24137169
24140864
24142220
24142913
24143997
24145759
24147019
24148970
24149862
24151092
24152910
24153047
24154812
24155164
24156799
24157408
24158973
24160592
24162527
24162633
24164275
24165695
24167662
24167668
24167789
24168945
24169270
24169938
24170247
24170806
24171890
24172188
24174715
24174798
24175146
24179293
24179510
24180999
24181942
24182877
24184427
24186485
24186800
24189161
24190207
24191214
24195712
24197657
24198322
24198988
24200718
24201944
24202101
24204209
24204512
24204530
24206324
24208763
24210845
24213726
24218107
24219129
24221671
24222813
24223040
24223052
24223476
24223588
24224622
24226213
24228873
24232223
24233196
24233985
24234046
24234839
24235744
24236330
24236752
24237091
24239354
24243507
24243623
24243941
24244831
24244850
24244910
24245537
24247093
24247871
24248263
24249233
24249345
24250497
24250618
24251329
24252206
24253501
24253563
24253790
24254004
24254395
24254539
24254573
24254733
24254746
24254840
24254848
24255213
24255265
24255270
24257750
24257793
24258253
24258316
24258639
24259723
24262447
24262603
24263021
24264243
24264246
24265149
24265966
24265971
24266568
24266861
24267432
24267882
24267935
24268203
24269788
24269950
24270330
24271219
24271269
24271296
24271329
24271342
24271366
24272335
24272456
24272549
24272881
24272994
24274569
24274658
24274713
24274714
24274747
24274786
24275465
24275954
24278067
24278273
24278457
24278725
24279083
24279582
24279812
24280006
24280776
24280800
24281151
24282168
24282338
24282381
24282429
24282478
24282561
24282671
24284074
24284188
24284619
24285035
24285288
24285795
24286023
24286158
24286977
24287243
24287245
24287459
24288414
24288537
24288748
24289202
24289345
24290422
24292812
24294317
24294429
24294571
24294573
24294819
24294864
24296808
24297312
24297334
24297461
24297721
24298485
24298879
24298885
24298992
24299259
24299365
24299789
24300350
24302094
24302199
24303392
24303912
24304033
24304119
24304180
24304264
24305486
24305814
24306308
24306610
24308201
24308492
24308518
24308726
24308849
24309092
24309979
24310260
24311195
24312654
24312844
24313023
24313411
24313425
24313467
24313583
24313608
24314573
24314904
24314905
24315225
24315277
24315579
24315674
24315767
24316009
24316147
24316760
24317080
24317805
24317999
24318071
24318804
24318892
24318919
24319004
24319133
24319346
24319413
24319529
24319599
24319803
24319808
24319813
24320393
24320592
24320672
24320761
24322463
24322811
24324162
24324169
24324364
24324505
24325411
24325820
24326217
24327346
24327668
24328040
24328094
24328427
24328458
24328513
24328555
24328583
24328657
24328787
24328871
24328876
24328924
24328925
24329086
24329087
24329210
24329271
24329309
24329319
24329987
24330161
24330209
24330304
24330872
24331402
24333108
24333157
24333388
24333449
24333636
24333701
24333908
24334251
24334253
24334310
24334325
24334544
24334547
24334810
24334811
24334813
24335122
24335559
24335805
24336563
24336778
24336977
24337648
24337728
24337822
24337824
24339828
24339870
24340402
24340477
24340482
24340602
24340795
24340835
24341172
24341475
24341842
24342187
24346110
24346152
24346153
24346309
24346327
24346358
24347025
24347069
24347082
24347113
24347125
24347162
24347565
24347789
24348010
24348770
24348844
24349567
24351705
24354305
24354354
24354369
24354675
24355359
24355390
24355593
24355971
24355984
24358461
24358691
24359019
24359854
24360939
24361052
24361550
24362397
24362905
24363260
24363618
24363775
24364004
24364159
24364732
24364805
24365131
24365486
24365709
24366914
24366931
24367060
24367061
24367062
24367095
24367120
24367137
24367155
24367173
24367174
24367208
24367308
24367309
24367328
24367564
24367645
24367650
24367939
24368026
24368157
24368813
24368962
24369068
24369458
24369478
24369679
24369725
24369946
24370355
24370875
24370900
24371116
24371318
24372087
24372568
24372699
24372722
24372887
24372911
24373070
24373207
24374257
24375195
24375201
24375202
24375206
24375323
24375330
24375380
24375429
24375448
24375495
24375589
24375608
24375620
24375625
24375641
24375694
24375844
24375857
24375864
24375889
24375917
24376004
24376334
24376441
24376621
24376745
24376774
24376902
24376908
24376911
24377148
24377437
24377569
24377706
24378020
24378328
24378425
24378466
24378502
24378510
24378568
24378813
24378891
24378925
24378940
24379111
24379112
24379224
24380162
24380185
24380207
24380284
24380285
24380804
24381431
24381536
24381590
24381602
24381631
24381740
24381771
24381867
24382002
24382293
24382318
24383298
24383579
24383730
24383779
24383782
24384027
24384051
24384473
24384474
24384497
24384582
24384600
24384729
24385016
24385069
24385105
24385557
24385965
24386220
24386230
24388435
24388589
24389322
24389851
24389913
24389916
24390028
24390047
24390256
24391632
24391998
24392395
24392573
24392657
24392658
24392659
24392671
24392672
24392682
24392709
24392812
24392813
24392814
24392939
24392950
24393636
24393665
24394132
24394163
24394277
24394928
24394930
24395215
24395738
24395858
24396132
24396543
24396687
24396736
24396905
24397490
24397491
24397595
24397607
24398129
24398149
24398222
24398629
24398644
24398647
24398689
24398786
24398845
24398867
24398998
24399516
24399518
24399543
24399654
24399660
24399705
24399737
24399738
24399847
24399915
24400050
24400062
24400139
24400283
24400288
24400297
24400344
24400358
24400386
24400389
24400456
24400457
24400458
24400644
24400664
24400666
24400700
24400838
24400862
24400930
24400981
24401711
24401747
24401800
24402026
24402055
24402116
24402444
24402507
24402627
24402912
24403277
24404306
24404602
24405477
24405870
24405970
24406757
24406902
24407518
24407662
24407838
24407867
24408193
24408311
24408964
24409222
24409268
24409392
24409443
24409553
24409661
24409681
24409881
24409916
24410389
24410711
24411914
24411975
24412097
24412111
24412154
24412168
24412209
24412256
24412329
24412474
24412496
24412587
24412589
24412687
24412701
24412932
24413021
24413440
24414101
24414537
24414798
24415356
24415555
24415622
24415753
24415883
24416034
24416120
24416195
24416340
24416541
24416770
24416843
24416872
24417144
24417166
24417494
24417742
24417743
24417806
24417956
24418004
24418015
24418644
24419194
24419599
24419815
24419915
24421324
24421497
24421503
24421683
24421750
24422670
24422712
24422728
24422812
24423332
24423350
24423538
24423720
24423727
24424051
24424153
24424531
24424652
24424654
24424708
24424757
24424778
24424779
24424807
24424815
24424837
24424870
24425596
24426037
24426056
24426074
24426128
24426494
24426760
24427006
24427784
24427805
24427863
24428159
24428621
24428651
24428652
24428768
24428784
24428800
24428801
24428831
24428906
24429228
24429293
24429324
24429514
24429627
24429735
24429773
24429905
24429960
24429963
24429964
24429965
24429980
24429981
24429982
24430150
24430236
24430437
24430438
24430582
24430910
24430945
24430952
24430981
24430996
24431071
24431174
24431228
24431457
24432273
24432357
24432358
24432697
24432999
24433141
24433458
24433550
24433699
24433971
24434138
24434533
24434931
24435414
24435587
24436525
24437576
24438591
24438853
24439079
24439080
24439599
24439712
24439916
24441658
24441669
24444265
24444272
24445045
24446194
24446478
24446486
24446564
24446661
24446781
24447104
24448689
24448698
24448813
24448863
24449725
24450585
24450738
24450759
24450762
24450764
24450774
24450824
24450899
24450911
24450912
24450929
24450933
24450938
24450970
24450988
24451008
24451009
24451023
24451145
24451218
24451219
24451279
24451294
24451355
24451468
24451528
24451727
24451729
24451947
24452727
24453754
24456869
24457150
24457883
24458662
24459683
24460253
24466440
24466498
24466533
24466595
24466683
24467019
24467614
24467615
24468140
24523851
24523917
24524501
24524558
24525046
24525205
24525389
24525391
24525557
24526052
24526258
24526693
24527607
24527688
24528215
24529060
24529398
24529456
24529838
24530382
24530593
24530670
24530870
24531298
24532030
24532361
24533054
24533728
24534046
24534353
24534895
24535836
24537416
24537532
24537683
24537843
24538074
24538166
24538403
24538858
24539281
24539354
24540446
24540850
24540869
24540992
24542224
24542612
24543008
24543290
24543530
24543923
24543965
24544025
24544056
24544283
24544852
24544895
24545414
24545738
24545855
24545995
24546511
24546928
24547448
24547837
24548163
24548545
24548767
24548809
24549662
24549801
24551262
24551281
24552627
24552678
24553696
24554301
24554623
24556518
24556739
24556868
24556927
24556946
24557145
24557229
24557407
24557618
24557813
24558225
24559146
24560239
24560497
24560872
24562604
24563616
24563930
24563935
24564183
24564331
24564379
24564527
24564699
24565582
24565588
24565630
24565698
24565729
24566015
24566859
24567185
24567868
24567921
24568052
24568437
24570781
24571001
24571133
24571382
24571482
24571539
24572121
24572268
24572491
24572952
24573346
24574435
24574686
24575460
24575483
24575595
24576008
24576427
24576726
24576947
24578218
24578938
24579506
24580005
24580177
24580629
24580957
24581937
24582028
24582109
24583203
24583377
24583638
24584214
24584331
24584525
24584539
24585344
24585680
24586069
24587252
24587255
24587433
24588851
24590132
24591397
24592062
24592645
24593003
24593089
24593128
24593950
24594101
24594228
24595098
24595613
24601494
24602158
24603222
24603623
24604462
24605820
24606061
24606275
24606887
24607382
24607503
24608182
24608883
24608892
24610385
24610685
24611273
24611360
24613161
24614490
24614686
24615027
24616396
24616681
24617804
24618987
24619584
24619606
24619868
24620650
24620847
24621265
24621504
24623394
24623403
24623430
24623649
24623713
24623774
24624366
24624580
24624584
24624586
24624772
24625572
24625963
24626633
24627015
24627654
24627808
24627871
24629794
24630621
24631515
24631516
24631589
24633864
24634315
24634662
24634743
24635107
24635989
24635992
24636486
24636918
24637245
24639635
24640705
24640864
24641503
24642172
24642891
24642938
24644319
24645707
24646504
24647044
24648957
24650936
24651194
24652721
24654838
24655520
24655676
24656321
24658224
24659166
24660226
24662749
24662877
24663438
24663599
24664234
24669038
24669469
24670222
24670630
24670828
24671148
24671632
24674073
24674134
24675723
24676880
24679234
24679816
24680738
24681265
24681617
24681818
24681861
24681979
24682031
24682074
24682086
24683882
24683960
24684119
24684175
24684217
24684397
24684818
24685350
24685674
24686869
24687529
24687640
24687659
24687673
24688755
24689372
24691154
24691300
24692205
24692849
24693513
24693572
24693995
24694089
24694094
24694118
24694438
24694611
24695944
24696317
24696689
24696729
24696960
24698591
24698997
24699214
24699685
24700439
24700914
24701200
24701672
24702397
24702609
24703297
24703354
24703662
24703820
24703890
24704471
24704623
24704628
24704838
24705330
24705929
24706237
24706420
24706571
24706692
24706774
24706784
24706801
24706966
24707041
24707476
24708768
24708772
24709970
24709986
24710646
24710835
24710920
24712130
24712239
24712590
24712641
24712728
24713006
24713100
24715349
24716363
24716976
24718443
24718951
24719803
24720042
24721195
24721286
24721290
24721650
24721766
24721943
24722834
24727077
24727575
24727676
24727957
24729305
24730037
24730742
24731489
24734744
24734757
24734820
24735262
24736083
24737696
24739951
24740326
24741247
24741297
24744164
24744693
24747375
24747592
24747906
24749136
24749147
24749643
24750828
24750953
24751421
24752620
24753591
24754456
24754660
24755979
24756371
24756886
24757063
24757080
24757395
24757600
24757634
24757870
24758012
24758738
24758990
24760192
24761274
24761376
24762562
24763434
24764657
24764845
24765016
24765933
24766313
24767553
24767708
24768248
24769094
24769641
24771487
24772676
24773158
24773710
24773818
24773821
24776417
24776544
24777334
24777550
24777953
24778114
24778243
24778917
24779896
24779934
24780248
24780657
24780923
24781687
24782121
24782310
24782417
24782478
24782686
24782786
24783163
24783807
24783926
24783976
24784291
24784761
24784797
24786227
24786669
24787383
24787543
24789681
24789746
24790851
24791248
24791335
24791772
24791891
24793559
24794322
24795128
24795152
24795481
24796407
24796827
24797286
24797787
24799806
24800216
24802154
24802681
24803433
24803643
24804747
24804967
24805394
24806716
24806719
24807768
24813093
24814774
24816916
24818655
24819723
24819996
24820245
24820586
24821732
24823000
24823017
24824318
24824932
24825368
24827091
24827119
24829120
24831200
24831945
24832341
24832462
24832698
24833069
24835620
24837485
24838190
24838804
24838995
24839438
24840693
24840721
24842954
24843015
24844242
24844673
24844674
24845134
24845320
24845482
24846146
24847155
24847733
24847934
24848066
24848673
24849141
24849393
24849728
24849821
24850421
24850667
24851023
24851474
24851927
24853228
24853399
24855114
24856617
24857454
24860255
24861256
24861429
24862175
24864008
24864013
24865620
24865887
24867302
24869934
24870936
24871116
24872226
24872244
24872826
24873279
24873280
24875178
24876811
24876839
24877032
24877088
24877456
24878781
24879086
24882070
24883085
24883138
24883496
24885417
24886866
24889041
24890063
24890900
24891430
24891802
24892171
24892914
24893592
24895328
24896233
24896846
24897346
24897782
24898206
24900869
24901048
24901088
24901097
24902253
24902915
24903024
24903118
24903891
24906676
24907637
24907728
24910293
24910336
24910410
24913075
24913446
24913611
24914200
24914435
24914958
24916260
24916880
24916930
24917242
24917482
24918387
24920988
24921694
24921746
24921882
24922101
24922347
24922994
24923004
24923086
24923199
24923619
24923952
24924098
24924278
24924477
24925535
24925606
24926049
24926831
24928068
24928186
24928253
24928312
24928807
24929103
24930058
24930391
24930445
24935008
24937167
24937635
24938179
24938452
24939028
24939190
24939802
24940350
24940559
24940629
24940821
24941651
24941782
24942409
24943164
24943309
24943699
24943924
24943976
24943995
24945641
24946664
24946856
24947755
24947778
24947834
24948271
24951280
24952057
24952095
24952229
24952243
24952673
24952792
24952874
24953746
24955627
24956078
24956093
24957741
24957812
24957990
24959647
24960972
24961189
24961497
24961665
24961736
24961888
24961898
24961941
24962680
24962741
24963413
24963987
24964083
24964197
24964304
24964500
24965031
24965188
24965349
24965373
24965884
24965979
24966786
24969373
24970813
24971004
24971745
24971927
24971938
24972216
24972873
24973485
24974810
24976156
24976234
24976323
24976347
24976624
24976874
24977089
24977406
24977419
24977960
24978409
24978794
24978910
24979302
24980169
24981258
24981420
24982456
24982537
24983259
24983397
24983426
24983569
24984086
24984349
24984368
24984930
24985418
24986119
24986170
24986651
24987028
24987193
24987561
24988144
24988979
24989556
24990096
24990213
24990692
24990894
24991199
24991256
24992114
24992273
24992397
24992403
24992587
24993332
24993383
24993436
24993882
24994152
24994247
24994855
24995257
24995809
24995929
24996159
24996364
24996650
24996747
24996772
24996789
24996806
24996918
24997023
24997356
25001450
25001868
25002032
25002192
25002878
25003452
25003519
25003702
25004115
25005166
25005305
25005788
25006538
25006692
25006789
25007327
25007656
25007751
25007805
25007835
25008093
25008923
25009601
25009714
25010036
25010084
25010841
25010945
25011489
25011575
25012686
25013598
25013891
25014859
25014883
25015191
25015198
25015225
25015993
25016288
25016389
25016449
25016475
25016476
25017520
25018177
25018293
25019306
25019668
25020038
25020258
25020790
25020886
25021009
25021082
25021142
25021517
25022184
25022410
25022592
25022701
25023235
25023355
25023389
25023636
25023895
25024112
25024170
25024195
25025660
25025669
25026074
25026078
25028721
25028740
25028899
25028956
25029106
25029574
25029802
25029819
25029835
25029949
25029958
25030089
25030179
25030445
25030744
25032095
25032588
25033043
25033066
25033232
25033254
25034214
25034230
25034709
25035676
25035834
25035994
25036069
25036557
25036737
25036834
25036982
25036989
25037016
25037208
25037707
25037871
25037901
25038127
25038611
25038684
25039040
25039079
25039242
25039251
25039349
25039745
25039761
25039989
25040330
25040402
25040818
25040952
25041471
25041619
25041683
25041736
25041780
25041849
25042125
25042750
25042923
25042964
25043152
25043463
25043758
25043933
25044093
25044293
25044298
25044458
25044741
25044783
25044908
25045264
25045515
25045641
25046028
25046204
25046588
25046614
25046838
25047029
25047166
25047225
25047412
25047523
25047645
25048411
25049038
25049132
25050781
25051097
25051353
25051514
25051614
25051775
25051784
25051791
25051867
25054965
25055090
25056289
25056505
25056690
25056916
25056930
25056932
25056933
25056940
25056942
25056954
25056963
25056969
25056971
25057052
25057156
25057365
25057691
25058762
25058872
25059252
25059325
25059442
25059540
25059583
25060511
25060761
25061078
25061349
25061511
25061934
25062385
25062485
25062906
25062909
25063158
25063462
25064075
25064190
25064321
25064431
25064518
25065116
25065156
25065238
25065362
25065454
25065699
25066049
25066153
25066868
25067211
25067629
25067704
25067732
25067984
25068317
25069976
25070113
25070398
25070425
25070528
25070898
25070955
25071211
25071718
25071812
25071863
25071871
25071884
25071921
25071942
25071979
25071982
25073389
25073763
25073767
25073916
25074032
25074596
25074683
25074894
25075127
25075619
25075647
25075887
25076286
25076394
25076732
25076800
25076837
25076918
25077086
25077298
25077468
25077648
25077657
25077800
25078184
25078925
25079471
25080098
25080247
25080249
25080410
25080983
25081120
25081125
25081304
25081307
25081343
25081409
25081487
25081907
25082126
25082358
25082480
25082634
25082864
25082906
25082930
25082957
25083477
25083504
25084364
25084377
25084400
25084417
25084642
25084653
25084654
25084766
25084858
25085013
25085798
25086178
25086571
25086663
25086734
25086791
25086884
25086994
25087398
25087921
25087978
25088079
25088558
25088776
25089109
25089238
25089263
25089278
25090002
25090412
25090436
25090452
25090724
25090763
25090781
25090807
25090827
25090967
25091048
25091061
25091149
25091830
25092047
25092083
25092332
25092398
25092785
25093457
25093475
25094030
25094199
25094370
25094375
25094427
25094482
25094490
25094968
25095043
25095120
25095149
25095507
25095716
25096163
25096332
25097128
25097255
25097256
25097759
25097790
25098063
25098106
25098265
25098386
25098585
25098606
25098849
25098856
25099050
25099453
25099519
25099524
25100248
25100415
25100427
25100494
25100789
25100849
25101204
25101293
25101339
25101636
25101698
25101831
25102081
25102203
25102251
25102313
25102367
25102696
25103172
25103719
25104100
25104192
25104336
25105026
25105250
25105354
25105442
25106144
25106199
25106297
25106314
25106638
25106956
25106979
25107043
25107131
25107192
25107429
25107446
25107571
25107576
25107732
25108924
25109000
25109710
25109725
25109892
25110405
25110541
25110668
25110931
25111149
25111168
25111321
25111380
25111861
25111890
25112172
25112692
25112853
25112952
25113198
25113259
25113429
25113518
25113630
25113941
25114150
25114666
25115026
25115432
25115528
25115565
25115771
25116239
25116425
25116729
25116758
25117276
25117415
25117720
25118143
25118296
25118334
25118516
25118532
25119556
25119608
25119614
25119631
25119754
25119755
25119874
25120592
25120654
25120801
25122444
25122791
25123523
25124166
25124218
25124321
25124333
25124465
25124643
25124731
25125038
25125293
25126002
25126227
25126232
25126299
25126392
25126519
25126671
25126696
25127340
25127348
25127677
25127890
25128407
25129372
25129373
25129503
25129566
25129635
25129696
25129709
25129883
25130026
25130133
25130442
25130606
25130630
25130874
25131158
25131257
25131480
25131623
25131691
25131911
25131915
25132179
25132274
25132544
25132563
25132693
25132768
25132935
25133127
25133346
25133726
25134025
25134335
25134963
25135044
25135245
25135318
25135556
25135929
25135957
25136168
25136172
25136470
25136482
25136655
25136796
25136924
25137019
25137066
25137100
25137297
25137890
25138094
25138651
25138740
25138883
25138977
25139075
25139154
25139248
25139759
25139773
25139882
25140112
25140202
25140508
25140524
25140569
25140808
25140870
25140912
25140994
25141151
25141206
25141241
25141813
25141840
25141980
25142040
25142047
25142096
25142141
25142145
25142164
25142319
25142561
25142585
25142626
25142715
25142818
25142884
25142940
25143025
25143070
25143127
25143484
25143527
25143614
25143660
25143894
25144186
25144279
25144498
25144564
25144709
25144929
25144983
25144984
25145507
25145559
25145722
25145745
25145863
25145946
25145994
25146331
25146364
25146901
25146960
25147134
25147286
25147650
25147794
25148060
25148277
25148582
25148754
25148910
25149297
25149379
25149591
25150097
25150403
25150489
25151176
25151181
25151250
25151383
25151385
25151415
25151965
25152144
25152146
25152147
25152220
25152769
25152981
25153185
25153220
25153378
25153453
25154033
25154095
25154238
25154297
25154405
25154597
25154657
25154896
25155059
25155061
25155314
25155612
25155652
25155851
25155865
25155932
25156163
25156462
25156607
25156739
25156740
25156741
25156742
25156743
25156744
25156745
25156746
25156772
25156801
25157115
25157145
25157149
25157150
25157385
25157438
25157452
25157453
25157459
25157460
25157461
25157463
25157617
25157694
25157707
25157711
25157738
25157759
25158160
25158251
25158273
25158320
25158327
25158466
25158507
25158683
25158717
25158994
25159290
25159368
25159809
25160583
25160624
25160628
25160629
25160630
25160678
25160679
25160680
25160766
25160774
25160775
25160776
25160777
25160945
25161033
25161080
25161126
25161288
25161496
25161577
25161970
25162091
25162313
25162390
25162463
25162837
25162896
25162999
25163299
25163426
25163473
25163532
25163546
25163710
25163721
25164221
25164456
25164592
25164818
25164830
25164831
25164838
25164840
25164848
25164853
25164897
25164938
25165161
25165674
25165835
25165841
25165852
25166255
25166275
25166562
25166738
25167022
25167167
25167297
25167450
25167452
25167590
25167772
25167814
25167845
25168092
25168384
25169105
25169451
25169467
25169499
25169947
25169993
25170062
25170071
25170096
25170758
25170844
25170852
25170860
25170885
25171109
25171302
25171437
25171524
25171596
25171817
25171848
25172099
25172420
25172674
25172806
25172815
25173038
25173232
25173349
25173488
25173538
25173637
25173721
25174046
25174304
25174336
25174585
25174693
25174780
25175244
25175504
25175596
25175719
25175882
25175902
25176134
25176227
25176230
25176332
25176463
25176487
25176653
25176881
25176934
25177009
25177040
25177163
25177276
25177290
25177325
25177496
25177513
25177652
25178150
25178361
25178409
25178609
25179242
25179291
25179440
25179538
25179745
25180291
25180424
25180439
25180710
25180883
25180930
25180989
25180994
25181036
25181089
25181469
25181610
25181722
25181768
25181839
25181855
25181960
25182009
25182046
25182521
25182686
25182795
25182844
25182939
25183033
25183259
25183360
25183379
25183419
25183430
25183512
25183624
25183649
25184063
25184464
25184486
25184524
25184804
25185179
25185200
25185308
25185343
25185393
25185558
25185790
25185898
25185949
25186121
25186128
25186313
25186791
25186862
25186869
25187156
25187206
25187308
25187418
25187681
25187884
25188363
25188883
25189054
25189156
25189285
25189433
25189658
25189730
25189903
25189970
25189987
25190193
25190821
25190830
25190893
25191068
25191093
25191097
25191260
25191345
25191642
25191751
25191905
25191976
25191982
25192353
25192442
25192452
25192620
25192623
25192685
25192758
25193587
25193827
25193892
25194394
25194398
25194406
25194613
25194632
25194635
25194709
25194765
25194784
25194848
25194950
25195303
25195481
25196140
25196444
25196597
25196721
25197092
25197112
25197116
25197452
25197763
25198666
25198707
25199018
25199203
25199211
25199466
25199666
25199692
25199731
25199891
25200493
25200563
25200829
25200907
25200954
25200978
25200986
25201067
25201072
25201114
25201228
25201387
25201569
25201663
25201789
25202027
25202072
25202149
25202221
25202257
25202537
25202539
25203101
25203508
25204049
25204087
25204285
25204297
25204345
25204583
25204892
25204910
25204985
25205044
25205084
25205149
25205413
25205640
25205829
25205867
25205972
25206051
25206067
25206126
25206240
25206494
25206870
25206883
25207024
25207035
25207097
25207290
25207710
25207901
25208023
25208159
25208167
25208267
25208268
25208291
25208327
25208470
25208509
25208688
25208832
25208866
25208903
25208905
25209025
25209315
25209439
25209594
25209838
25209931
25209970
25210017
25210023
25210124
25210126
25210269
25210367
25210399
25210470
25210478
25210651
25210755
25210794
25210921
25210923
25211025
25211161
25211349
25211397
25212068
25212114
25212219
25212297
25212377
25212627
25212916
25213071
25213157
25213240
25213347
25213433
25213576
25213977
25213988
25214219
25214225
25214269
25214345
25214477
25214730
25214844
25214854
25214964
25214978
25215077
25215132
25215153
25215161
25215360
25215673
25215895
25215899
25216008
25216022
25216057
25216434
25216716
25217140
25217634
25217666
25217687
25217692
25218275
25218412
25218535
25218637
25218655
25218969
25219835
25219852
25219863
25220168
25220416
25220503
25220665
25220802
25221165
25221361
25221406
25221998
25222031
25222087
25222444
25222542
25222544
25222545
25222639
25222644
25222667
25222737
25222753
25222827
25223174
25223215
25223468
25223478
25223520
25223670
25224080
25224488
25224643
25224696
25224808
25224851
25224861
25224917
25224925
25224987
25225008
25225079
25225136
25225353
25225395
25225422
25225589
25226052
25226460
25226587
25226600
25226897
25226914
25227060
25227070
25227208
25227247
25227256
25227258
25227446
25227447
25227464
25227467
25227565
25227772
25227879
25228013
25228029
25228235
25228571
25229117
25229134
25229420
25229631
25229659
25229765
25229855
25229889
25229898
25229929
25230217
25230230
25230363
25230524
25230554
25231289
25231362
25231470
25231539
25231723
25231765
25231935
25231996
25232186
25232203
25232366
25232373
25232402
25232670
25232692
25232855
25232874
25232960
25233210
25233373
25233571
25233872
25233885
25234286
25234310
25234335
25234507
25234695
25234880
25234900
25235053
25235150
25235397
25235440
25235652
25235839
25236033
25236034
25236211
25236231
25236500
25236533
25236540
25236771
25236823
25236886
25236887
25236924
25236971
25237022
25237150
25237181
25237543
25237576
25237615
25237618
25237705
25237731
25237735
25237738
25237783
25237834
25237836
25237916
25237927
25237997
25238075
25238214
25238545
25238612
25238694
25238978
25239049
25239054
25239123
25239297
25239324
25239325
25239327
25239344
25239414
25239551
25239579
25239755
25239808
25239937
25240542
25240588
25240656
25240680
25240684
25240685
25240718
25240944
25240978
25241077
25241170
25241194
25241677
25241858
25242043
25242154
25242514
25242589
25242653
25242777
25242864
25242947
25242989
25243153
25243287
25243293
25243352
25243542
25243802
25244161
25244306
25244635
25244878
25244890
25244938
25245004
25245166
25245431
25245680
25245734
25245753
25245787
25245912
25246160
25246359
25246826
25246828
25246981
25247194
25247398
25247418
25247444
25247591
25247640
25247737
25247809
25247863
25247949
25247959
25248201
25248228
25248315
25248512
25248878
25248920
25249029
25249364
25249491
25249505
25249665
25249693
25249823
25250592
25250606
25250614
25250731
25250741
25250743
25250745
25250768
25250777
25250913
25250916
25251032
25251420
25251601
25251893
25251938
25251956
25252034
25252251
25252289
25252323
25252587
25252593
25252599
25252620
25252664
25252747
25252788
25252827
25252866
25252876
25252896
25252905
25253025
25253044
25253219
25253221
25253224
25253373
25253392
25253454
25253491
25253656
25253876
25253885
25253924
25254269
25254373
25254653
25254999
25255079
25255125
25255529
25255663
25255765
25255881
25255898
25256065
25256070
25256554
25256589
25256608
25256610
25256621
25256704
25256822
25256846
25256975
25256976
25257063
25257105
25257108
25257383
25257662
25257672
25257722
25257801
25257831
25257994
25258019
25258146
25258219
25258606
25258637
25258757
25259028
25259488
25259518
25259522
25259709
25259781
25259898
25260063
25260097
25260266
25260731
25260874
25261036
25261150
25261499
25261513
25261606
25261714
25261747
25261874
25261900
25261935
25262004
25262057
25262082
25262192
25262582
25262873
25263034
25263208
25263521
25263558
25263563
25263589
25263667
25263710
25263718
25263738
25263796
25263831
25264152
25264217
25264306
25264403
25264410
25264420
25264575
25264669
25264932
25265273
25265601
25266022
25266023
25266226
25266355
25266676
25266868
25266927
25266938
25266953
25266986
25267011
25267023
25267479
25267726
25267835
25267869
25267906
25267966
25268223
25268259
25268261
25268319
25268470
25268479
25268734
25268831
25268996
25269088
25269156
25269229
25269236
25269247
25269260
25269526
25269616
25269720
25269771
25269944
25270023
25270096
25270200
25270246
25270325
25270538
25270544
25270642
25270706
25270721
25270746
25270807
25270911
25271228
25271363
25271554
25271600
25271701
25271714
25271789
25271855
25271861
25271893
25272676
25272847
25273194
25273335
25273345
25273450
25273550
25273605
25273747
25273968
25273992
25274125
25274195
25274255
25274276
25274335
25274394
25274709
25274753
25274831
25274846
25274847
25275107
25275157
25275609
25275624
25275793
25276146
25276204
25276215
25277512
25277594
25277844
25277916
25277964
25278127
25278217
25278248
25278503
25278647
25278848
25279036
25279142
25279224
25279351
25279497
25279516
25279633
25279664
25279756
25279762
25280292
25280356
25280385
25280413
25280438
25280448
25280461
25280462
25280466
25280657
25280707
25280775
25280847
25281238
25281321
25281382
25281433
25281676
25282534
25282594
25282726
25282785
25282817
25283035
25283044
25283174
25283269
25283339
25283685
25283726
25284007
25284019
25284976
25285112
25285223
25285579
25285672
25285691
25285724
25285750
25286040
25286099
25286170
25286403
25286516
25286522
25286557
25286664
25287353
25287371
25287428
25287639
25287646
25287833
25287851
25287864
25287877
25287934
25287940
25287957
25287983
25288145
25288150
25288168
25288200
25288206
25288217
25288389
25288577
25288582
25288822
25289301
25289464
25289515
25289541
25289760
25289812
25289866
25293774
25293785
25296557
25296609
25297552
25298480
25298563
25298982
25299013
25299224
25299305
25299532
25299880
25300355
25300379
25300437
25300446
25301363
25301367
25301738
25301904
25302047
25302116
25302212
25302230
25302353
25302368
25302494
25302526
25302662
25302913
25302930
25302939
25303040
25303748
25304220
25304527
25304548
25304563
25304743
25304889
25304916
25304944
25304977
25304990
25305024
25305044
25305048
25305382
25305511
25306074
25306099
25306226
25306227
25306228
25306626
25306630
25306652
25306665
25306740
25307008
25307369
25307413
25307554
25307739
25308161
25308217
25308241
25308327
25309132
25309233
25309845
25309927
25310110
25310301
25310356
25310538
25310596
25310700
25310783
25311117
25311417
25311635
25312028
25312043
25312074
25312081
25312111
25312112
25312113
25312114
25312337
25312343
25312394
25312468
25312579
25312877
25313016
25313140
25313280
25313460
25313922
25313976
25314004
25314417
25314594
25314636
25314727
25315216
25315326
25315368
25315438
25316024
25316644
25316645
25316693
25316708
25317113
25317231
25317288
25317486
25317886
25317968
25318073
25318422
25318698
25318764
25318898
25319049
25319054
25319331
25319437
25319594
25319680
25319901
25319908
25319910
25320014
25320097
25320203
25320211
25320294
25320481
25320516
25320565
25320587
25320647
25321377
25321449
25321542
25321589
25321795
25321809
25321905
25321986
25321994
25322411
25322711
25322773
25323010
25323423
25323919
25323956
25324029
25324181
25324254
25324321
25324670
25324673
25324702
25324709
25324899
25324989
25325037
25325115
25325225
25325329
25325385
25325518
25325539
25327092
25327579
25327969
25327970
25327975
25328002
25328417
25328485
25328564
25328711
25328893
25329201
25329571
25329939
25330085
25330123
25330453
25330649
25330731
25330827
25330891
25330899
25330936
25331167
25331349
25331392
25331393
25331424
25331483
25331492
25331505
25331527
25331557
25331754
25331814
25332112
25332152
25332269
25332473
25332507
25332512
25333276
25333307
25333355
25333396
25333623
25333675
25333915
25334089
25334156
25334190
25334217
25334279
25334284
25334606
25334630
25334659
25334673
25334675
25334676
25334689
25334705
25334729
25334835
25334875
25334908
25334953
25335173
25335203
25335561
25335694
25335743
25336202
25336221
25336463
25336497
25336561
25336579
25336924
25336984
25337044
25337085
25337349
25337557
25337612
25337661
25337878
25338245
25338297
25338365
25338372
25338419
25338440
25338543
25338549
25339430
25339432
25339475
25339510
25339530
25339563
25339916
25340016
25340039
25340064
25340099
25340117
25340344
25340581
25340790
25340955
25341519
25341542
25341849
25341984
25342059
25342169
25342541
25342657
25342702
25342762
25343005
25343549
25343574
25344305
25344515
25344975
25344999
25345137
25345397
25345639
25345651
25345761
25346111
25346310
25346388
25346724
25346774
25346846
25346986
25347269
25347389
25347795
25347933
25348187
25348309
25348516
25348655
25348669
25348697
25348759
25349372
25349514
25349528
25349565
25349580
25349623
25349824
25350081
25350092
25350209
25350257
25350290
25350295
25350296
25350530
25350585
25350665
25350767
25350826
25350851
25350889
25350916
25351165
25351235
25351314
25351323
25351510
25351545
25351575
25351650
25351710
25351714
25351743
25351775
25351838
25351945
25352071
25352074
25352188
25352459
25352849
25352850
25353090
25353126
25353210
25353221
25353225
25353299
25353318
25353321
25353404
25353604
25353658
25353678
25354312
25354326
25354683
25354786
25354902
25354915
25354917
25354918
25354935
25355195
25355545
25356051
25356109
25356201
25356273
25356291
25356453
25356706
25356812
25357145
25357156
25357237
25357302
25357369
25357778
25357843
25357961
25358186
25358370
25358431
25358541
25358632
25358721
25358723
25358768
25359011
25359041
25359409
25359653
25360163
25360409
25360589
25360681
25360707
25360949
25361041
25361045
25361050
25361397
25361535
25361729
25361827
25361859
25362080
25362901
25363002
25363004
25363033
25363395
25363684
25363839
25364018
25364352
25364468
25364595
25364638
25364651
25364688
25365063
25365590
25365599
25365647
25365737
25365787
25365995
25366077
25366245
25366531
25366608
25367130
25367355
25367631
25367690
25367753
25367800
25367985
25368355
25368389
25368462
25368651
25368652
25368711
25368806
25369732
25369764
25370012
25370018
25370388
25370581
25371111
25371436
25371551
25371609
25371729
25371782
25371789
25371874
25371878
25371883
25372045
25372072
25372073
25372109
25372129
25372402
25372778
25372843
25373586
25373853
25373901
25373916
25374051
25374066
25374067
25374358
25374665
25374945
25375090
25375181
25375215
25375246
25375991
25376531
25376747
25377073
25377234
25377332
25377413
25377590
25377731
25377776
25377901
25377998
25378238
25378278
25378926
25379150
25379176
25379227
25379304
25379503
25379538
25379805
25379939
25380679
25381061
25381084
25381113
25381603
25382257
25382297
25382549
25382728
25382993
25383033
25383110
25383670
25383748
25384090
25384111
25384355
25384407
25384409
25384584
25384663
25384688
25384954
25384961
25385060
25385197
25385541
25385579
25385599
25385912
25386138
25386296
25386302
25386355
25387102
25387299
25387370
25387471
25387476
25387500
25388012
25388054
25388058
25388135
25388429
25388575
25388591
25388602
25388661
25388898
25388981
25389248
25389448
25389491
25389581
25389647
25389658
25389768
25389816
25390029
25390227
25390371
25390506
25390675
25390832
25390886
25390918
25390949
25391914
25391970
25392194
25392650
25392689
25392995
25393007
25393268
25393477
25393599
25393772
25394015
25394516
25395052
25395164
25395273
25395419
25395515
25395565
25395628
25395865
25395896
25396425
25396729
25396745
25396818
25397392
25397946
25398493
25398713
25399273
25399286
25399414
25399521
25399575
25399878
25399955
25399987
25400018
25400020
25400039
25400063
25400455
25400598
25400800
25400885
25400930
25401052
25401534
25401720
25401948
25401950
25402159
25402175
25402246
25402371
25402409
25402470
25402532
25402543
25402613
25402619
25402672
25402795
25402804
25403491
25403607
25403690
25404032
25404068
25404187
25404237
25404769
25404820
25405257
25405485
25405780
25406312
25406455
25406472
25406688
25406754
25406756
25406862
25406971
25406990
25407048
25407447
25407460
25408018
25408033
25408479
25408953
25409139
25409229
25410352
25410400
25410427
25410435
25410699
25410720
25410986
25411467
25411524
25411617
25412305
25412360
25412620
25412760
25413011
25413024
25413314
25413423
25413426
25413705
25414141
25414149
25414175
25414824
25414917
25415199
25415244
25415965
25416201
25416337
25416749
25416750
25416848
25417020
25417045
25417238
25417418
25417619
25417812
25417899
25418542
25418575
25418681
25418708
25418740
25418837
25418960
25418986
25418992
25419245
25419246
25419343
25419530
25420203
25420232
25420275
25420326
25420352
25420651
25420809
25420843
25420964
25421118
25421216
25421501
25421526
25421897
25422055
25422089
25422355
25422452
25422515
25422812
25422882
25423059
25423676
25424170
25424171
25424172
25424173
25424178
25424179
25424180
25425079
25425209
25425228
25425265
25425625
25425834
25425999
25426008
25426060
25426100
25426185
25426194
25426282
25426285
25426316
25426442
25426641
25426925
25427245
25427302
25427635
25427748
25427818
25427830
25428296
25428303
25428305
25428306
25428411
25428923
25429670
25429811
25430116
25430404
25430710
25430876
25431041
25431074
25431099
25431380
25431399
25431568
25431569
25431601
25432525
25432707
25432832
25433141
25433170
25433200
25433296
25433776
25433875
25434044
25434171
25434198
25434257
25434295
25434298
25434689
25434810
25435171
25435172
25435173
25435192
25435193
25435199
25435227
25435403
25435501
25435691
25435839
25435840
25435841
25435842
25435844
25435900
25436080
25436083
25436087
25436517
25436526
25436688
25436997
25437112
25437338
25437399
25437520
25437967
25438116
25438410
25438495
25438717
25438741
25438750
25439068
25439341
25439361
25439413
25439462
25439745
25439838
25440031
25440053
25440152
25440168
25440193
25440360
25440629
25440638
25440762
25441330
25441462
25441659
25441734
25441797
25441868
25442256
25442772
25443206
25443338
25443567
25444122
25444473
25444495
25444779
25444781
25444857
25445181
25445554
25445564
25445576
25445640
25445653
25445678
25446077
25446579
25446582
25446706
25446789
25446860
25446941
25446980
25447498
25447543
25447702
25447926
25447931
25448011
25448012
25448028
25448050
25448065
25448066
25448122
25448128
25448352
25448695
25449173
25449178
25449249
25449551
25449657
25449685
25449734
25449971
25450045
25450060
25450128
25450160
25450268
25450365
25450406
25450544
25450717
25450845
25450961
25451032
25451108
25451335
25451410
25451503
25451504
25451607
25451688
25451752
25452172
25452217
25452220
25452389
25452433
25452434
25452513
25452515
25452528
25453059
25453376
25453615
25454057
25454103
25454252
25454353
25454656
25454744
25455044
25455150
25455275
25455483
25455504
25455697
25455898
25455916
25456149
25456150
25456261
25456473
25456482
25456620
25457208
25457360
25457541
25457657
25457722
25457937
25458009
25458617
25458735
25458968
25458987
25459483
25459533
25459607
25460321
25460539
25461118
25461456
25462298
25462821
25463106
25463151
25463309
25463668
25464255
25465190
25465233
25465251
25465278
25465434
25465584
25465878
25465900
25465980
25466139
25466201
25466263
25467042
25467363
25467482
25467943
25468019
25468029
25468044
25468141
25468194
25468326
25468875
25468976
25469229
25469250
25469593
25469734
25469876
25469937
25470475
25470476
25470873
25471330
25471673
25472483
25472918
25473071
25473399
25473975
25474144
25474371
25475090
25475132
25475253
25475479
25475558
25475669
25475827
25476104
25476293
25476331
25476348
25476429
25476804
25476843
25476884
25477074
25477193
25477341
25477493
25478033
25478319
25478398
25478400
25478534
25478550
25479080
25479240
25480158
25480391
25480530
25480544
25480956
25480962
25481052
25481171
25481879
25482060
25482256
25482272
25482286
25482288
25482328
25482477
25482548
25482723
25482862
25482935
25483150
25483205
25483462
25483586
25483788
25483873
25484443
25484444
25484881
25484906
25485421
25485454
25486175
25486553
25486661
25486885
25487080
25487111
25487789
25488057
25488269
25488631
25488999
25489318
25489640
25489814
25490245
25490531
25490695
25490925
25491389
25492045
25492115
25492258
25492670
25492778
25492807
25493753
25493881
25493896
25493995
25494121
25494213
25494214
25494574
25495303
25495456
25495506
25495634
25495934
25496246
25496389
25497296
25497349
25497433
25497690
25497819
25497861
25497905
25497914
25498102
25498247
25499189
25500345
25500795
25501028
25501705
25501946
25502068
25502094
25502287
25502424
25502503
25502634
25502635
25502752
25502959
25502974
25503136
25503401
25503509
25504348
25504369
25504769
25504936
25505326
25505866
25505999
25507007
25507447
25507531
25507585
25507605
25507854
25508235
25508534
25508706
25509160
25509334
25509340
25510105
25510267
25510270
25510653
25510825
25510891
25510900
25511167
25511588
25512777
25512796
25512880
25512883
25512890
25514453
25514793
25515093
25515288
25515722
25517805
25517919
25518371
25518438
25519353
25520200
25520244
25520275
25520659
25520765
25522134
25522775
25522945
25522973
25523589
25524093
25524538
25525435
25525466
25526180
25526205
25526453
25527241
25527890
25527908
25528024
25528263
25529301
25529846
25530925
25531825
25532328
25532653
25535117
25535684
25537016
25537295
25537475
25538580
25539044
25539290
25540131
25540162
25540399
25540456
25546786
25548062
25548394
25548846
25549735
25552122
25554881
25561800
25564139
25567138
6530848
6794782
6826416
6972618
7766831
9737441
9839436
9948958
